10,77
10,9
10,123
10,253
10,215
10,33
10,299
10,2
10,3
11,20
11,26
11,23
11,18
11,14
11,11
11,2
11,3
9,7
9,2
9,3
8,13
8,14
8,5
8,8
8,9
8,15
8,2
8,3
12,2
12,1
12,3
20,2
20,1
20,3
64,5
64,4
64,3
19,2
19,1
64,2
64,1
64,0
62,5
62,4
62,3
19,3
62,2
62,1
62,0
61,4
61,3
61,2
61,1
61,0
59,4
59,3
59,2
59,1
59,0
58,3
58,2
58,1
58,0
56,3
56,2
56,1
56,0
11,19
11,1
11,4
10,301
18,1
10,257
10,235
18,3
10,213
10,183
14,1
10,171
14,3
13,1
10,159
10,1
13,3
10,89
9,1
9,5
8,11
8,1
2,2
2,1
8,6
3,3
2,3
3,2
3,1
0,472
0,273
0,270
0,0
65,34
65,33
65,32
65,31
65,30
65,29
65,28
